709.8293298196859
709.8859473607357
728.8742515619418
766.9267639164722
823.6758547810689
874.2605912664847
941.5860236712266
1024.1683797980213
1120.3636581662317
1228.4876441378237
1346.9146208236482
1474.1472443540001
1608.8570295371399
1749.8996815792568
1896.3117636614265
2047.2954116165408
2202.1968088860253
2360.4826537003123
2521.7173808975135
2685.542692651802
2851.6600784617926
3019.8164387440775
3165.868033247223
3289.590171743348
3414.8296917197554
3541.560543334441
3669.7736517818835
3799.4739606854796
3930.6780309538995
4063.411948901246
4197.709341076036
4333.609333740384
4471.154334838103
4610.387558214791
4751.35025566162
4894.078672424584
5038.600794551369
5167.094151682377
5280.200790241347
5395.9852386727225
5514.438878009126
5635.523846511018
5759.1720762452715
5885.285369995129
6013.736545488137
6144.371592702446
6255.838604493051
6348.499901262635
6423.10664410446
6500.361285075927
6580.214638999871
6662.585749446402
6747.361388142632
6834.396786243068
6923.51775473184
7014.524217193511
7107.19502930477
7201.293822800983
7296.575511113758
7392.793044201576
7489.704004670548
7587.076688800357
7684.69539995515
7775.218656886296
7808.962713353275
7843.347862428298
7878.380615580629
7914.081587441467
7950.485089260967
7957.229882823909
7920.124335069443
7870.237687415189
7822.25090091011
7776.344133705769
7732.717483602638
7691.591590567844
7653.207802858803
7574.88671334666
7496.15927297955
7416.942371096625
7337.135822842253
7256.61684333473
7175.23210586806
7092.786438058759
7009.027118381277
6923.6229271096045
6836.137897698205
6746.001620383625
6652.4817529392785
6541.493167473048
6411.564242628978
6238.739205276529
6020.197212729239
5791.570084360945
5555.080749603221
5316.010825173526
5084.357022935383
4876.1693477179915
4713.016079089415
4617.599730856352
4605.414509704607
4676.778944165399
4815.739158677567
4970.420080277885
5143.888983641532
5317.979585795178
5482.038670335136
5631.308582917144
5764.74502616821
5883.273609554217
5988.666748036053
6082.909126025614
6167.877278424165
6245.20104203851
6316.223447216055
6330.521960375743
6339.24697482278
6343.10465582225
6342.649341305174
6338.3245868731
6330.49904380948
6262.528981487228
6193.289827903259
6123.413800008638
6053.492696509615
5984.08221432742
5900.878852523437
5804.510503983607
5710.511470919762
5619.580836305679
5532.414697118482
5449.699435182075
5372.101154974639
5300.251384312975
5234.729717915224
5176.044735050536
5124.615095447467
5080.753049185764
4984.76522604009
4895.040976038047
4811.752158073147
4735.025234788716
4664.939604211752
4601.528191163119
4544.780383311434
4494.647160448182
4451.048035576152
4413.879228096324
4383.022343943573
4332.735461582475
4288.335577273139
4249.72515595172
4216.816692265516
4189.533127135016
4167.805762877329
4151.570112963633
4140.760468432974
4135.304229829441
4135.117178551694
4105.917908089059
4082.0460662868713
4063.425600488835
4049.9801793632223
4041.642011537415
4038.3621601508717
4040.1210480615773
4006.9824734030217
3938.7021733252172
3875.4147736064397
3817.5005279875186
3765.400161986938
3719.602594912544
3680.626518468833
3648.9966855097437
3625.2164758055724
3609.7389650108908
3602.939193999899
3605.090482777638
3616.34736550057
3636.7370364507974
3666.1601900879846
3704.4009939020107
3751.144864963274
3806.0019139777987
3868.5334814854323
3938.279134416717
4014.781756012948
4097.608844287256
4186.368722983783
4280.7209716249145
4303.653058449901
4331.535816008898
4364.219872082116
4401.590017388859
4443.554134448848
4490.030818316318
4540.936998363114
4596.176823328482
4655.63293922544
4719.161074296387
4786.588559704662
4857.717082369553
4932.329618525249
5010.201166387253
5091.11261147147
5174.866834353441
5261.306008120317
5329.022569702394
5366.934510970594
5364.686984952962
5365.597555607415
5369.995618423611
5378.298543329783
5390.999957919314
5408.648733262028
5431.818677694094
5389.934416641039
5275.891666926692
5159.309283658238
5042.08353900829
4927.278150571193
4819.4171254380635
4724.599463532001
4650.205436158604
4603.977867410564
4592.482338477415
4619.376196772526
4684.267831259703
4782.810175842256
4908.004914291552
5052.032682983711
5207.80846345177
5369.843504317329
5534.441741289086
5699.479546600378
5864.018986826941
6027.914475197113
6191.4848575463075
6355.268502881494
6519.854073199378
6685.772076570654
6853.4323998499585
7002.29527445134
7136.0109689449955
7275.940405753741
7421.310775006004
7571.341591557495
7725.259678965365
7882.313249841543
8006.697084130015
8125.2268092402055
8204.441050444988
8256.585402885914
8314.505375863053
8377.06888367005
8443.230135464799
8471.735592553254
8488.48864684574
8491.69030958243
8495.244678086034
8498.894773862205
8502.485656997555
8505.951499022667
8509.302109316908
8499.718035743059
8477.669313101604
8438.984782325677
8383.686769285736
8329.292158994132
8276.034099400475
8224.134528456869
8173.79774389743
8125.205176504001
8078.511599697481
8033.842902308343
7991.2954265268545
7950.9367501035385
7912.807691733609
7876.925257227233
7843.286229095454
7811.871131415335
7782.648364693163
7755.5783860858155
7677.419927019064
7601.367049339943
7527.51834032474
7455.962741547213
7386.7832872798035
7320.061902078296
7255.885089880821
7194.350238032017
7080.1689923268095
6968.096537591919
6858.43999002367
6751.548976597939
6647.813938740697
6547.660171050307
6451.536963828388
6359.901684781815
6273.199342686928
